5.6 10332.9
5.60133 10342.1
5.60266 10351.4
5.60398 10360.8
5.60531 10370.1
5.60664 10379.5
5.60797 10389
5.60929 10398.5
5.61062 10408.1
5.61195 10417.7
5.61328 10427.3
5.61461 10437
5.61593 10446.7
5.61726 10456.5
5.61859 10466.4
5.61992 10476.3
5.62124 10486.2
5.62257 10496.2
5.6239 10506.3
5.62523 10516.4
5.62656 10526.6
5.62788 10536.8
5.62921 10547
5.63054 10557.4
5.63187 10567.8
5.63319 10578.2
5.63452 10588.7
5.63585 10599.2
5.63718 10609.8
5.63851 10620.5
5.63983 10631.2
5.64116 10642
5.64249 10652.9
5.64382 10663.8
5.64514 10674.7
5.64647 10685.8
5.6478 10696.9
5.64913 10708
5.65045 10719.2
5.65178 10730.5
5.65311 10741.8
5.65444 10753.3
5.65577 10764.7
5.65709 10776.3
5.65842 10787.9
5.65975 10799.5
5.66108 10811.3
5.6624 10823.1
5.66373 10835
5.66506 10846.9
5.66639 10858.9
5.66772 10866.3
5.66904 10878.2
5.67037 10890.1
5.6717 10902.1
5.67303 10914.2
5.67435 10926.3
5.67568 10938.5
5.67701 10950.7
5.67834 10963
5.67967 10975.3
5.68099 10987.7
5.68232 11000.2
5.68365 11012.7
5.68498 11025.3
5.6863 11037.9
5.68763 11050.6
5.68896 11063.4
5.69029 11076.2
5.69162 11089.1
5.69294 11102
5.69427 11115
5.6956 11128.1
5.69693 11141.2
5.69825 11154.4
5.69958 11167.7
5.70091 11181
5.70224 11194.3
5.70357 11207.8
5.70489 11221.2
5.70622 11234.8
5.70755 11248.4
5.70888 11262.1
5.7102 11275.8
5.71153 11289.6
5.71286 11303.4
5.71419 11317.4
5.71552 11331.3
5.71684 11345.4
5.71817 11359.5
5.7195 11373.6
5.72083 11387.9
5.72215 11402.2
5.72348 11416.5
5.72481 11430.9
5.72614 11445.4
5.72746 11459.9
5.72879 11474.5
5.73012 11489.2
5.73145 11503.9
5.73278 11518.7
5.7341 11533.6
5.73543 11548.5
5.73676 11563.5
5.73809 11578.5
5.73941 11593.6
5.74074 11608.8
5.74207 11624
5.7434 11639.3
5.74473 11654.7
5.74605 11670.1
5.74738 11685.6
5.74871 11701.2
5.75004 11716.8
5.75136 11732.5
5.75269 11748.3
5.75402 11764.1
5.75535 11780
5.75668 11795.9
5.758 11811.9
5.75933 11828
5.76066 11844.1
5.76199 11860.3
5.76331 11876.6
5.76464 11893
5.76597 11909.4
5.7673 11925.8
5.76863 11942.4
5.76995 11959
5.77128 11975.6
5.77261 11992.4
5.77394 12009.2
5.77526 12026.1
5.77659 12043
5.77792 12033.2
5.77925 12048.8
5.78058 12064.5
5.7819 12080.3
5.78323 12096
5.78456 12111.7
5.78589 12127.5
5.78721 12143.2
5.78854 12159
5.78987 12174.7
5.7912 12190.5
5.79253 12206.2
5.79385 12222
5.79518 12237.7
5.79651 12253.5
5.79784 12269.2
5.79916 12285
5.80049 12300.7
5.80182 12316.4
5.80315 12332.1
5.80447 12347.8
5.8058 12363.5
5.80713 12379.2
5.80846 12394.9
5.80979 12410.5
5.81111 12426.1
5.81244 12441.7
5.81377 12457.3
5.8151 12472.9
5.81642 12488.4
5.81775 12503.9
5.81908 12519.4
5.82041 12534.8
5.82174 12550.3
5.82306 12565.7
5.82439 12581
5.82572 12596.4
5.82705 12611.7
5.82837 12626.9
5.8297 12642.1
5.83103 12657.3
5.83236 12672.4
5.83369 12687.5
5.83501 12702.6
5.83634 12717.6
5.83767 12732.6
5.839 12747.5
5.84032 12762.4
5.84165 12777.2
5.84298 12791.9
5.84431 12806.7
5.84564 12821.3
5.84696 12835.9
5.84829 12850.5
5.84962 12865
5.85095 12879.4
5.85227 12893.8
5.8536 12908.1
5.85493 12922.3
5.85626 12936.5
5.85759 12950.6
5.85891 12964.7
5.86024 12978.6
5.86157 12992.5
5.8629 13006.4
5.86422 13020.1
5.86555 13033.8
5.86688 13047.4
5.86821 13061
5.86954 13074.4
5.87086 13087.8
5.87219 13101.1
5.87352 13114.3
5.87485 13127.4
5.87617 13140.5
5.8775 13153.4
5.87883 13166.3
5.88016 13179.1
5.88148 13191.8
5.88281 13204.4
5.88414 13216.9
5.88547 13229.3
5.8868 13241.6
5.88812 13253.8
5.88945 13204.2
5.89078 13213.2
5.89211 13221.9
5.89343 13230.3
5.89476 13238.6
5.89609 13246.6
5.89742 13254.4
5.89875 13261.9
5.90007 13269.2
5.9014 13276.2
5.90273 13283
5.90406 13289.6
5.90538 13295.8
5.90671 13301.8
5.90804 13307.6
5.90937 13313
5.9107 13318.2
5.91202 13323.1
5.91335 13327.7
5.91468 13332
5.91601 13336
5.91733 13339.7
5.91866 13343.1
5.91999 13346.1
5.92132 13348.9
5.92265 13351.4
5.92397 13353.5
5.9253 13355.3
5.92663 13356.7
5.92796 13357.9
5.92928 13358.7
5.93061 13359.1
5.93194 13359.2
5.93327 13358.9
5.9346 13358.3
5.93592 13357.3
5.93725 13355.9
5.93858 13354.2
5.93991 13352.1
5.94123 13349.6
5.94256 13346.7
5.94389 13343.5
5.94522 13339.8
5.94655 13335.8
5.94787 13331.3
5.9492 13326.4
5.95053 13321.2
5.95186 13315.5
5.95318 13309.3
5.95451 13302.8
5.95584 13295.8
5.95717 13288.4
5.95849 13280.6
5.95982 13272.3
5.96115 13263.6
5.96248 13254.4
5.96381 13244.8
5.96513 13234.7
5.96646 13224.1
5.96779 13213.1
5.96912 13201.6
5.97044 13189.6
5.97177 13177.1
5.9731 13164.2
5.97443 13150.8
5.97576 13136.8
5.97708 13122.4
5.97841 13107.5
5.97974 13092
5.98107 13076.1
5.98239 13059.6
5.98372 13042.6
5.98505 13025.1
5.98638 13007
5.98771 12988.4
5.98903 12969.3
5.99036 12949.7
5.99169 12929.4
5.99302 12908.7
5.99434 12887.4
5.99567 12865.5
5.997 12843
