1.1 1.1
1.18844 1.18844
1.27688 1.27688
1.36533 1.36533
1.45377 1.45377
1.54221 1.54221
1.63065 1.63065
1.7191 1.7191
1.80754 1.80754
1.89598 1.89598
1.98442 1.98442
2.07286 2.07286
2.16131 2.16131
2.24975 2.24975
2.33819 2.33819
2.42663 2.42663
2.51508 2.51508
2.60352 2.60352
2.69196 2.69196
2.7804 2.7804
2.86884 2.86884
2.95729 2.95729
3.04573 3.04573
3.13417 3.13417
3.22261 3.22261
3.31106 3.31106
3.3995 3.3995
3.48794 3.48794
3.57638 3.57638
3.66482 3.66482
3.75327 3.75327
3.84171 3.84171
3.93015 3.93015
4.01859 4.01859
4.10704 4.10704
4.19548 4.19548
4.28392 4.28392
4.37236 4.37236
4.4608 4.4608
4.54925 4.54925
4.63769 4.63769
4.72613 4.72613
4.81457 4.81457
4.90302 4.90302
4.99146 4.99146
5.0799 5.0799
5.16834 5.16834
5.25678 5.25678
5.34523 5.34523
5.43367 5.43367
5.52211 5.52211
5.61055 5.61055
5.69899 5.69899
5.78744 5.78744
5.87588 5.87588
5.96432 5.96432
6.05276 6.05276
6.14121 6.14121
6.22965 6.22965
6.31809 6.31809
6.40653 6.40653
6.49497 6.49497
6.58342 6.58342
6.67186 6.67186
6.7603 6.7603
6.84874 6.84874
6.93719 6.93719
7.02563 7.02563
7.11407 7.11407
7.20251 7.20251
7.29095 7.29095
7.3794 7.3794
7.46784 7.46784
7.55628 7.55628
7.64472 7.64472
7.73317 7.73317
7.82161 7.82161
7.91005 7.91005
7.99849 7.99849
8.08693 8.08693
8.17538 8.17538
8.26382 8.26382
8.35226 8.35226
8.4407 8.4407
8.52915 8.52915
8.61759 8.61759
8.70603 8.70603
8.79447 8.79447
8.88291 8.88291
8.97136 8.97136
9.0598 9.0598
9.14824 9.14824
9.23668 9.23668
9.32513 9.32513
9.41357 9.41357
9.50201 9.50201
9.59045 9.59045
9.67889 9.67889
9.76734 9.76734
9.85578 9.85578
9.94422 9.94422
10.0327 10.0327
10.1211 10.1211
10.2095 10.2095
10.298 10.298
10.3864 10.3864
10.4749 10.4749
10.5633 10.5633
10.6518 10.6518
10.7402 10.7402
10.8286 10.8286
10.9171 10.9171
11.0055 11.0055
11.094 11.094
11.1824 11.1824
11.2709 11.2709
11.3593 11.3593
11.4477 11.4477
11.5362 11.5362
11.6246 11.6246
11.7131 11.7131
11.8015 11.8015
11.8899 11.8899
11.9784 11.9784
12.0668 12.0668
12.1553 12.1553
12.2437 12.2437
12.3322 12.3322
12.4206 12.4206
12.509 12.509
12.5975 12.5975
12.6859 12.6859
12.7744 12.7744
12.8628 12.8628
12.9513 12.9513
13.0397 13.0397
13.1281 13.1281
13.2166 13.2166
13.305 13.305
13.3935 13.3935
13.4819 13.4819
13.5704 13.5704
13.6588 13.6588
13.7472 13.7472
13.8357 13.8357
13.9241 13.9241
14.0126 14.0126
14.101 14.101
14.1894 14.1894
14.2779 14.2779
14.3663 14.3663
14.4548 14.4548
14.5432 14.5432
14.6317 14.6317
14.7201 14.7201
14.8085 14.8085
14.897 14.897
14.9854 14.9854
15.0739 15.0739
15.1623 15.1623
15.2508 15.2508
15.3392 15.3392
15.4276 15.4276
15.5161 15.5161
15.6045 15.6045
15.693 15.693
15.7814 15.7814
15.8698 15.8698
15.9583 15.9583
16.0467 16.0467
16.1352 16.1352
16.2236 16.2236
16.3121 16.3121
16.4005 16.4005
16.4889 16.4889
16.5774 16.5774
16.6658 16.6658
16.7543 16.7543
16.8427 16.8427
16.9312 16.9312
17.0196 17.0196
17.108 17.108
17.1965 17.1965
17.2849 17.2849
17.3734 17.3734
17.4618 17.4618
17.5503 17.5503
17.6387 17.6387
17.7271 17.7271
17.8156 17.8156
17.904 17.904
17.9925 17.9925
18.0809 18.0809
18.1693 18.1693
18.2578 18.2578
18.3462 18.3462
18.4347 18.4347
18.5231 18.5231
18.6116 18.6116
18.7 18.7
