1.855 7690.5
1.85697 7828.5
1.85895 7966.07
1.86092 8103.22
1.86289 8239.99
1.86487 8376.4
1.86684 8512.48
1.86881 8648.25
1.87079 8783.75
1.87276 8919
1.87473 9054.02
1.87671 9188.84
1.87868 9323.5
1.88065 9458.01
1.88263 9592.4
1.8846 9726.7
1.88657 9860.94
1.88855 9995.14
1.89052 10129.3
1.89249 10263.5
1.89446 10397.8
1.89644 10532.1
1.89841 10666.5
1.90038 10801.1
1.90236 10935.8
1.90433 11070.7
1.9063 11205.7
1.90828 11341
1.91025 11476.6
1.91222 11612.4
1.9142 11748.6
1.91617 11885.1
1.91814 12022
1.92012 12159.2
1.92209 12296.9
1.92406 12435
1.92604 12573.6
1.92801 12712.7
1.92998 12852.3
1.93196 12992.5
1.93393 13133.2
1.9359 13274.6
1.93788 13416.5
1.93985 13559.2
1.94182 13702.5
1.9438 13846.6
1.94577 13991.3
1.94774 14136.9
1.94972 14283.2
1.95169 14430.4
1.95366 14578.4
1.95564 14727.3
1.95761 14877.1
1.95958 15027.8
1.96156 15179.4
1.96353 15332.1
1.9655 15485.7
1.96747 15640.4
1.96945 15796.1
1.97142 15655.8
1.97339 15794.2
1.97537 15932.8
1.97734 16071.6
1.97931 16210.6
1.98129 16349.8
1.98326 16489.3
1.98523 16628.9
1.98721 16768.7
1.98918 16908.7
1.99115 17048.9
1.99313 17189.3
1.9951 17329.9
1.99707 17470.6
1.99905 17611.6
2.00102 17752.7
2.00299 17894.1
2.00497 18035.6
2.00694 18177.3
2.00891 18319.2
2.01089 18461.2
2.01286 18603.5
2.01483 18745.9
2.01681 18888.5
2.01878 19031.3
2.02075 19174.2
2.02273 19317.4
2.0247 19460.7
2.02667 19604.1
2.02865 19747.8
2.03062 19891.6
2.03259 20035.6
2.03457 20179.7
2.03654 20324
2.03851 20468.5
2.04048 20613.1
2.04246 20757.9
2.04443 20902.9
2.0464 21048
2.04838 21193.3
2.05035 21338.7
2.05232 21484.3
2.0543 21630.1
2.05627 21776
2.05824 21922
2.06022 22068.2
2.06219 22214.6
2.06416 22361.1
2.06614 22507.7
2.06811 22654.5
2.07008 22801.4
2.07206 22948.5
2.07403 23095.7
2.076 23243.1
2.07798 23390.6
2.07995 23538.2
2.08192 23686
2.0839 23833.9
2.08587 23982
2.08784 24130.2
2.08982 24278.5
2.09179 24201.8
2.09376 24335.7
2.09574 24469
2.09771 24601.8
2.09968 24733.9
2.10166 24865.4
2.10363 24996.2
2.1056 25126.4
2.10758 25255.9
2.10955 25384.6
2.11152 25512.6
2.11349 25639.8
2.11547 25766.3
2.11744 25892
2.11941 26016.8
2.12139 26140.8
2.12336 26263.9
2.12533 26386.1
2.12731 26507.4
2.12928 26627.7
2.13125 26747.1
2.13323 26865.6
2.1352 26983
2.13717 27099.4
2.13915 27214.7
2.14112 27329
2.14309 27442.2
2.14507 27554.3
2.14704 27665.3
2.14901 27775.1
2.15099 27883.8
2.15296 27991.2
2.15493 28097.5
2.15691 28202.5
2.15888 28306.2
2.16085 28408.6
2.16283 28509.8
2.1648 28609.6
2.16677 28708.1
2.16875 28805.2
2.17072 28901
2.17269 28995.3
2.17467 29088.2
2.17664 29179.6
2.17861 29269.5
2.18059 29358
2.18256 29444.9
2.18453 29530.3
2.18651 29614.2
2.18848 29696.4
2.19045 29777.1
2.19242 29856.1
2.1944 29933.5
2.19637 30009.2
2.19834 30083.2
2.20032 30155.5
2.20229 30226
2.20426 30294.8
2.20624 30361.9
2.20821 30427.1
2.21018 30348.6
2.21216 30400.9
2.21413 30450.8
2.2161 30498.4
2.21808 30543.7
2.22005 30586.5
2.22202 30626.9
2.224 30664.8
2.22597 30700.3
2.22794 30733.1
2.22992 30763.4
2.23189 30791.1
2.23386 30816.1
2.23584 30838.4
2.23781 30858
2.23978 30874.9
2.24176 30889
2.24373 30900.2
2.2457 30908.6
2.24768 30914.2
2.24965 30916.8
2.25162 30916.4
2.2536 30913
2.25557 30906.6
2.25754 30897.2
2.25952 30884.7
2.26149 30869
2.26346 30850.1
2.26543 30828.1
2.26741 30802.8
2.26938 30774.3
2.27135 30742.5
2.27333 30707.3
2.2753 30668.7
2.27727 30626.8
2.27925 30581.4
2.28122 30532.5
2.28319 30480.2
2.28517 30424.3
2.28714 30364.8
2.28911 30301.7
2.29109 30234.9
2.29306 30164.5
2.29503 30090.3
2.29701 30012.5
2.29898 29930.8
2.30095 29845.3
2.30293 29755.9
2.3049 29662.7
2.30687 29565.6
2.30885 29464.5
2.31082 29359.4
2.31279 29250.3
2.31477 29137.1
2.31674 29019.8
2.31871 28898.4
2.32069 28772.9
2.32266 28643.1
2.32463 28509.1
2.32661 28370.9
2.32858 28228.4
2.33055 28010.5
2.33253 27854.8
2.3345 27694.4
2.33647 27529.4
2.33844 27359.7
2.34042 27185.3
2.34239 27006.2
2.34436 26822.2
2.34634 26633.4
2.34831 26439.7
2.35028 26241.1
2.35226 26037.5
2.35423 25829
2.3562 25615.4
2.35818 25396.7
2.36015 25172.9
2.36212 24943.9
2.3641 24709.8
2.36607 24470.4
2.36804 24225.7
2.37002 23975.8
2.37199 23720.4
2.37396 23459.7
2.37594 23193.5
2.37791 22921.9
2.37988 22644.8
2.38186 22362.1
2.38383 22073.8
2.3858 21779.8
2.38778 21480.2
2.38975 21174.9
2.39172 20863.9
2.3937 20547
2.39567 20224.4
2.39764 19895.8
2.39962 19561.4
2.40159 19221
2.40356 18874.6
2.40554 18522.2
2.40751 18163.7
2.40948 17799.1
2.41145 17428.4
2.41343 17051.5
2.4154 16668.3
2.41737 16278.9
2.41935 15883.2
2.42132 15481.2
2.42329 15072.7
2.42527 14657.9
2.42724 14236.6
2.42921 13808.7
2.43119 13374.4
2.43316 12933.5
2.43513 12485.9
2.43711 12031.7
2.43908 11570.8
2.44105 11103.1
2.44303 10628.7
2.445 10147.4
