5.1 6916.38
5.10201 6969.48
5.10401 6980.85
5.10602 6992.5
5.10803 7004.45
5.11003 7016.67
5.11204 7029.16
5.11405 7041.91
5.11605 7054.91
5.11806 7068.14
5.12007 7081.61
5.12207 7095.29
5.12408 7109.19
5.12609 7123.29
5.12809 7137.58
5.1301 7152.05
5.13211 7166.7
5.13411 7181.51
5.13612 7196.47
5.13813 7211.58
5.14013 7226.83
5.14214 7242.2
5.14415 7257.69
5.14615 7273.28
5.14816 7288.97
5.15017 7304.75
5.15217 7320.61
5.15418 7336.54
5.15619 7352.53
5.15819 7368.57
5.1602 7384.65
5.16221 7400.76
5.16421 7416.89
5.16622 7433.04
5.16823 7449.19
5.17023 7465.33
5.17224 7481.46
5.17425 7497.57
5.17625 7513.63
5.17826 7529.66
5.18027 7545.63
5.18227 7561.54
5.18428 7577.38
5.18629 7593.13
5.18829 7608.8
5.1903 7624.36
5.19231 7639.81
5.19431 7655.15
5.19632 7670.35
5.19833 7685.42
5.20033 7732.99
5.20234 7750.4
5.20435 7767.8
5.20635 7785.19
5.20836 7802.55
5.21037 7819.9
5.21237 7837.22
5.21438 7854.51
5.21639 7871.76
5.21839 7888.98
5.2204 7906.16
5.22241 7923.29
5.22441 7940.38
5.22642 7957.41
5.22843 7974.39
5.23043 7991.31
5.23244 8008.16
5.23445 8024.95
5.23645 8041.66
5.23846 8058.3
5.24047 8074.87
5.24247 8091.35
5.24448 8107.74
5.24649 8124.05
5.24849 8140.26
5.2505 8156.37
5.25251 8172.38
5.25452 8188.29
5.25652 8204.09
5.25853 8219.78
5.26054 8235.35
5.26254 8250.8
5.26455 8266.12
5.26656 8281.32
5.26856 8296.39
5.27057 8311.32
5.27258 8326.12
5.27458 8340.77
5.27659 8355.27
5.2786 8369.63
5.2806 8383.83
5.28261 8397.87
5.28462 8411.75
5.28662 8425.47
5.28863 8439.01
5.29064 8452.39
5.29264 8465.59
5.29465 8478.6
5.29666 8491.44
5.29866 8504.08
5.30067 8539.36
5.30268 8553.45
5.30468 8567.44
5.30669 8581.35
5.3087 8595.16
5.3107 8608.87
5.31271 8622.49
5.31472 8636.02
5.31672 8649.46
5.31873 8662.8
5.32074 8676.05
5.32274 8689.21
5.32475 8702.27
5.32676 8715.24
5.32876 8728.12
5.33077 8740.9
5.33278 8753.59
5.33478 8766.18
5.33679 8778.68
5.3388 8791.09
5.3408 8803.4
5.34281 8815.62
5.34482 8827.75
5.34682 8839.78
5.34883 8851.72
5.35084 8863.56
5.35284 8875.31
5.35485 8886.97
5.35686 8898.53
5.35886 8910
5.36087 8921.37
5.36288 8932.65
5.36488 8943.84
5.36689 8954.93
5.3689 8965.93
5.3709 8976.83
5.37291 8987.64
5.37492 8998.35
5.37692 9008.97
5.37893 9019.49
5.38094 9029.93
5.38294 9040.26
5.38495 9050.5
5.38696 9060.65
5.38896 9070.7
5.39097 9080.66
5.39298 9090.52
5.39498 9100.29
5.39699 9109.96
5.399 9119.54
5.401 9141.91
5.40301 9152.31
5.40502 9162.68
5.40702 9173
5.40903 9183.29
5.41104 9193.55
5.41304 9203.78
5.41505 9213.98
5.41706 9224.15
5.41906 9234.29
5.42107 9244.41
5.42308 9254.51
5.42508 9264.59
5.42709 9274.65
5.4291 9284.7
5.4311 9294.73
5.43311 9304.74
5.43512 9314.75
5.43712 9324.75
5.43913 9334.73
5.44114 9344.72
5.44314 9354.7
5.44515 9364.67
5.44716 9374.65
5.44916 9384.63
5.45117 9394.61
5.45318 9404.6
5.45518 9414.6
5.45719 9424.6
5.4592 9434.62
5.4612 9444.64
5.46321 9454.68
5.46522 9464.74
5.46722 9474.82
5.46923 9484.91
5.47124 9495.03
5.47324 9505.17
5.47525 9515.34
5.47726 9525.53
5.47926 9535.75
5.48127 9546.01
5.48328 9556.29
5.48528 9566.61
5.48729 9576.97
5.4893 9587.36
5.4913 9597.8
5.49331 9608.27
5.49532 9618.79
5.49732 9629.36
5.49933 9639.97
5.50134 9653.89
5.50334 9664.83
5.50535 9675.82
5.50736 9686.89
5.50936 9698.02
5.51137 9709.22
5.51338 9720.48
5.51538 9731.82
5.51739 9743.24
5.5194 9754.72
5.5214 9766.29
5.52341 9777.94
5.52542 9789.66
5.52742 9801.47
5.52943 9813.37
5.53144 9825.35
5.53344 9837.42
5.53545 9849.59
5.53746 9861.84
5.53946 9874.19
5.54147 9886.64
5.54348 9899.19
5.54548 9911.83
5.54749 9924.58
5.5495 9937.44
5.55151 9950.4
5.55351 9963.47
5.55552 9976.65
5.55753 9989.94
5.55953 10003.3
5.56154 10016.9
5.56355 10030.5
5.56555 10044.3
5.56756 10058.1
5.56957 10072.1
5.57157 10086.3
5.57358 10100.5
5.57559 10114.9
5.57759 10129.4
5.5796 10144.1
5.58161 10158.9
5.58361 10173.8
5.58562 10188.9
5.58763 10204.1
5.58963 10219.4
5.59164 10234.9
5.59365 10250.5
5.59565 10266.3
5.59766 10282.3
5.59967 10298.4
5.60167 10309
5.60368 10324.9
5.60569 10341
5.60769 10357.1
5.6097 10373.4
5.61171 10389.8
5.61371 10406.4
5.61572 10423.1
5.61773 10439.9
5.61973 10456.8
5.62174 10473.9
5.62375 10491.1
5.62575 10508.4
5.62776 10525.8
5.62977 10543.4
5.63177 10561.1
5.63378 10579
5.63579 10597
5.63779 10615.1
5.6398 10633.3
5.64181 10651.7
5.64381 10670.2
5.64582 10688.9
5.64783 10707.7
5.64983 10726.6
5.65184 10745.7
5.65385 10764.9
5.65585 10784.2
5.65786 10803.7
5.65987 10823.3
5.66187 10843.1
5.66388 10863
5.66589 10883
5.66789 10903.2
5.6699 10923.5
5.67191 10944
5.67391 10964.6
5.67592 10985.4
5.67793 11006.3
5.67993 11027.3
5.68194 11048.5
5.68395 11069.8
5.68595 11091.3
5.68796 11112.9
5.68997 11134.6
5.69197 11156.6
5.69398 11178.6
5.69599 11200.8
5.69799 11223.2
5.7 11245.7
